0.975677
0.900235
1.50011
1.44969
0.743309
1.26658
1.99121
1.4135
1.91961
0.397961
1.02628
1.78961
0.0386975
1.22404
0.220283
1.52312
1.89514
1.47203
1.06021
1.1464
1.91253
0.808924
0.729575
1.55522
1.06442
0.331004
0.889737
1.91479
0.407361
0.213446
1.9812
1.00613
0.29017
0.332591
0.606342
1.32743
1.30161
1.67327
0.557573
0.260994
0.0182501
1.33433
1.05118
1.61943
1.61681
0.943571
0.732078
1.88311
0.410535
1.29582
1.00967
0.441847
0.375805
1.02597
1.2888
0.152654
0.727866
0.129826
1.65728
1.52641
0.610736
0.144963
1.59331
0.856044
1.96277
1.80432
0.254585
1.59886
0.620197
1.97473
0.912564
1.32475
0.722129
0.693442
1.09281
1.54375
0.477737
0.114994
0.985687
0.72457
0.360363
0.179693
1.68883
1.8178
1.78924
0.818567
1.84393
0.594501
1.36198
1.50505
0.230842
0.114566
0.700766
1.96722
0.881069
1.63598
0.974151
0.872524
0.273385
1.27818
0.156743
0.298166
1.1738
0.751732
0.0902127
0.798181
0.682821
1.46733
1.40733
0.881436
1.05197
0.335154
1.38182
1.71221
0.832545
0.569597
0.766381
0.845485
0.918851
1.80902
0.681967
1.81066
1.04837
0.865383
1.61943
1.35429
1.32163
1.41478
1.61803
1.15696
0.303842
1.94195
1.6812
1.83386
0.271493
0.251411
1.49419
0.0337535
1.1655
1.85748
1.50365
0.4485
1.81414
0.564959
0.424512
1.54411
1.98816
0.555132
0.233711
0.827906
1.84997
0.286874
1.71581
0.463088
0.360363
1.52733
0.621052
1.04324
1.20444
1.82373
1.50017
0.339671
1.79962
1.72936
1.2761
0.833949
1.9483
1.0958
1.61797
0.847926
1.69756
1.74395
0.177313
1.08414
0.968108
0.826563
1.75072
1.38878
0.515519
0.19483
1.42991
1.54949
0.786218
0.0813013
0.803735
0.941496
0.229804
0.41139
1.27262
0.833277
1.63158
0.0567034
1.53911
0.165288
0.0267342
1.34214
1.33641
0.613483
0.759423
0.119266
0.458205
1.75091
1.24827
0.719016
1.15159
0.119022
1.02206
0.0950346
0.935087
1.02213
1.58715
0.471694
1.90625
0.85641
0.689108
0.80813
1.59868
0.787255
0.532182
0.391186
1.45347
1.58629
0.517594
0.870083
1.96576
0.440931
0.0639058
0.0443739
0.569597
1.54997
0.0724509
1.71892
1.32408
1.31553
0.599322
0.93759
0.461989
1.94623
1.29691
0.908048
0.864895
0.282479
0.187628
0.931059
1.52647
1.6574
1.33244
1.6455
1.06583
1.60448
0.955535
0.902799
1.35545
1.22648
0.589557
0.58272
0.323618
1.03629
0.80221
1.66277
1.99591
1.08329
0.0676901
1.85418
0.837062
0.176885
0.344981
1.11679
0.456679
0.0211188
1.9259
1.36564
1.73986
1.07083
1.1146
1.68078
0.466811
1.92364
1.30271
1.33403
1.48314
1.05954
1.00027
1.94464
1.48308
0.740745
1.38701
1.07596
1.46867
1.88348
0.94528
0.586444
0.947661
1.71587
1.73778
0.0468764
0.931303
1.03299
0.892056
0.536515
1.79638
0.862026
1.85479
1.13041
1.07212
1.35044
0.977813
1.39134
1.21616
0.688742
1.9989
0.177068
0.440931
0.881558
1.97943
0.0777612
0.653096
0.17835
1.26194
1.79363
1.56932
0.97702
1.00913
1.76714
1.06992
1.0126
0.887783
1.38169
0.853359
0.643818
0.45967
1.03897
1.45415
0.0493789
0.841945
1.42753
1.68639
1.14725
0.19953
1.29563
0.575762
0.0490127
1.63225
0.0403455
0.842006
0.862026
1.01846
0.425733
1.99499
0.651204
1.37901
1.742
0.10651
0.374157
1.32255
0.718833
0.3202
1.60112
0.135502
0.505509
1.16227
1.83239
1.07962
1.02902
0.715659
0.226264
1.45817
1.04447
1.71996
0.549638
1.0148
1.18906
1.65935
1.16318
1.22684
0.352062
0.901639
0.854884
1.05539
0.674642
0.950652
0.333506
1.71526
1.49004
1.87384
0.194464
0.026429
1.51842
0.968596
1.17118
0.9111
1.6278
1.72967
1.48375
0.596149
1.47386
1.17905
1.0983
1.0867
0.331431
0.622394
1.70849
1.47087
1.42949
1.89312
0.252266
0.619037
0.102908
0.147771
0.776696
0.840663
1.07297
1.27451
0.462172
1.06009
1.16904
0.97702
0.620136
1.07462
0.804895
1.59752
0.475234
1.4572
0.520524
1.73962
0.545671
0.665975
1.90338
0.755028
1.43345
1.92346
1.20096
1.15604
0.837062
1.42766
0.937407
1.01596
0.600116
0.457839
1.84619
1.4207
0.606403
0.937346
0.431654
1.03336
1.33653
1.01572
0.472854
0.834742
1.89575
0.233039
1.78002
1.10208
1.32835
0.829005
0.518143
1.68871
0.0285043
0.758324
0.409742
1.66668
1.06235
0.976592
1.12821
1.39555
0.211432
0.557451
1.19572
1.07907
0.552812
0.204535
1.6975
0.873196
0.385571
1.72088
0.124393
0.606647
0.318247
1.99664
0.657857
0.177801
0.328379
1.08048
0.207831
0.689718
0.607807
0.894192
0.517716
1.38603
1.00504
0.154973
1.64788
0.449599
0.878018
0.0669576
1.15067
0.72805
0.169805
0.345164
0.249825
